"FW"	"DW"	"trial"
"P048xF047"	582.741594886965	198.161041	2010
"P048xF055"	433.086731286545	110.350555	2010
"P048xF090"	539.117594680747	170.742584	2010
"P048xF101"	431.34916708586	147.771118	2010
"P048xF103"	526.643425148158	175.891037	2010
"P048xF104"	476.914084647921	150.745377	2010
"P048xF117"	454.059696269377	140.077271	2010
"P048xF124"	523.006959024136	162.580948	2010
"P048xF134"	534.874149683077	168.271515	2010
"P048xF136"	441.92822873032	151.245361	2010
"P048xF138"	489.022531754309	160.400879	2010
"P092xF047"	612.86658085325	195.179153	2010
"P092xF055"	524.772016112685	167.691528	2010
"P092xF062"	566.445439748147	189.078262	2010
"P092xF072"	583.586658424161	169.22644	2010
"P092xF087"	517.195136638337	165.755829	2010
"P092xF090"	486.871164771957	151.365005	2010
"P092xF101"	541.618049660367	173.692093	2010
"P092xF103"	527.986161596586	144.292374	2010
"P092xF104"	598.36372742008	176.891174	2010
"P092xF117"	568.090788007833	143.412964	2010
"P092xF124"	567.570728415916	167.507812	2010
"P092xF134"	495.581804876639	149.291183	2010
"P092xF136"	509.086907615586	160.210724	2010
"P092xF137"	611.381073621006	158.421021	2010
"P092xF138"	583.000839958406	187.630066	2010
"P135xF055"	556.427441491131	180.818329	2010
"P135xF062"	409.258101152514	150.275864	2010
"P135xF072"	494.429605098774	157.387222	2010
"P135xF087"	424.979371340388	157.963333	2010
"P135xF090"	418.690542052065	131.583466	2010
"P135xF099"	537.823366539561	161.492645	2012
"P135xF103"	459.787829756019	150.888596	2010
"P135xF117"	546.303539017002	180.198059	2010
"P135xF124"	546.573159772739	196.630249	2010
"P135xF134"	484.339625830211	148.424698	2010
"P135xF136"	489.055675396053	159.914139	2010
"P135xF137"	505.687140272075	148.296143	2010
"P135xF145"	506.282038296018	185.09166	2012
"P135xF151"	516.967640885338	176.210861	2012
"P135xF154"	644.526287322582	218.028183	2012
"P135xF157"	594.921993676723	225.201477	2012
"P135xF159"	752.212058821483	245.540634	2012
"P135xF160"	658.104389226488	249.514938	2012
"P135xF161"	674.510937141853	203.797318	2012
"P135xF162"	604.031425936316	201.561386	2012
"P135xF169"	507.627673230531	179.829849	2012
"P140xF055"	589.151062122823	170.055374	2010
"P140xF062"	655.332641000195	171.357071	2010
"P140xF072"	745.192915637659	197.835907	2010
"P140xF087"	611.807513347477	196.395477	2010
"P140xF090"	650.032116492808	193.596939	2010
"P140xF099"	771.791013798802	248.697189	2012
"P140xF103"	709.260872890027	183.755219	2010
"P140xF117"	595.445269789151	177.145172	2010
"P140xF124"	573.454711061809	164.237076	2010
"P140xF134"	576.287548587345	158.789001	2010
"P140xF136"	611.322348596811	170.48439	2010
"P140xF137"	723.492238437461	201.032791	2010
"P140xF138"	567.944354438411	154.215652	2010
"P140xF145"	667.233471341863	213.979507	2012
"P140xF151"	600.100049711682	175.906296	2012
"P140xF154"	661.258944558236	199.613495	2012
"P140xF157"	692.329077713179	191.533981	2012
"P140xF160"	689.411424215449	194.276917	2012
"P140xF161"	767.714439832988	198.250809	2012
"P140xF162"	752.506226294141	226.070847	2012
"P140xF169"	635.425797447908	212.143509	2012
"P150xF047"	447.881117754788	157.985031	2010
"P150xF055"	538.496467941912	166.704071	2010
"P150xF072"	523.324357305892	158.508804	2010
"P150xF090"	501.163197826178	156.211594	2010
"P150xF101"	420.110620678919	133.207138	2010
"P150xF103"	503.553808833814	154.528488	2010
"P150xF104"	534.490275289337	168.081802	2010
"P150xF117"	541.334323803071	166.098068	2010
"P150xF134"	406.076050870323	151.742065	2010
"P150xF136"	360.322263291	134.889297	2010
"P150xF137"	436.399727348526	166.924194	2010
"P150xF138"	525.09032739703	164.741592	2010
"P154xF055"	586.43559022079	205.243195	2010
"P154xF087"	534.341434804434	164.815125	2010
"P154xF090"	542.437844082714	169.627838	2010
"P154xF101"	429.925844909968	136.289719	2010
"P154xF103"	550.585270792684	169.831436	2010
"P154xF104"	591.503937530244	181.050491	2010
"P154xF117"	484.157763818397	149.969467	2010
"P154xF124"	493.939040500165	137.859177	2010
"P154xF134"	529.881640564491	170.696884	2010
"P154xF136"	484.160980943736	157.658096	2010
"P154xF137"	576.375859878713	172.311172	2010
"P154xF138"	536.533639558117	165.274963	2010
"P159xF055"	521.826447902857	185.045685	2010
"P159xF062"	452.744178824159	148.914017	2010
"P159xF072"	528.208081173943	185.990906	2010
"P159xF087"	485.274339047722	167.184418	2010
"P159xF090"	499.67565555923	181.205048	2010
"P159xF099"	596.055008546223	181.714615	2012
"P159xF103"	498.92930480948	162.712402	2010
"P159xF117"	573.934007245166	170.911804	2010
"P159xF124"	571.875382880607	200.657547	2010
"P159xF134"	477.191327197787	149.230072	2010
"P159xF136"	525.829751066456	179.814041	2010
"P159xF137"	495.218741361735	161.173691	2010
"P159xF138"	506.610995403113	172.179886	2010
"P159xF145"	561.347319595343	203.548019	2012
"P159xF151"	523.864720469953	188.997711	2012
"P159xF154"	586.584524917356	201.853714	2012
"P159xF157"	578.980079483531	213.890274	2012
"P159xF159"	591.680096224063	184.591476	2012
"P159xF161"	612.414249405054	184.90979	2012
"P159xF162"	568.645743158986	191.560669	2012
"P159xF169"	506.933215530419	164.526886	2012
"P165xF047"	509.818500471386	152.697189	2010
"P165xF055"	581.754020791154	152.946533	2010
"P165xF062"	490.780532391681	164.740158	2010
"P165xF072"	515.069061560595	146.231522	2010
"P165xF087"	477.926627500518	166.490768	2010
"P165xF090"	515.501579019325	147.501022	2010
"P165xF101"	507.345480486964	168.787186	2010
"P165xF103"	528.25562766088	146.224182	2010
"P165xF117"	569.657481670576	171.509583	2010
"P165xF124"	510.042227244981	184.322662	2010
"P165xF134"	519.897736276011	175.591125	2010
"P165xF136"	524.818314929182	156.422791	2010
"P165xF137"	572.234611680651	176.117249	2010
"P165xF138"	495.790594049515	152.734299	2010
"P167xF047"	737.279250101602	209.64566	2010
"P167xF062"	625.846832055663	196.007431	2010
"P167xF072"	680.073749804991	179.374329	2010
"P167xF087"	655.020973721538	189.766068	2010
"P167xF090"	604.039661909943	182.219238	2010
"P167xF101"	659.950613835103	210.309814	2010
"P167xF103"	709.331314564696	206.466827	2010
"P167xF104"	679.206596044247	201.99411	2010
"P167xF117"	635.368786971121	167.642395	2010
"P167xF124"	662.428977439983	192.402939	2010
"P167xF134"	624.704173388875	204.968689	2010
"P167xF136"	604.198341041396	172.628326	2010
"P167xF137"	680.168137607013	166.185394	2010
"P167xF138"	599.897017587992	184.105469	2010
"P204xF047"	549.889679939966	190.705246	2010
"P204xF055"	589.100492835348	197.229202	2010
"P204xF062"	486.706527587832	159.214233	2010
"P204xF072"	551.904718787793	165.54892	2010
"P204xF087"	486.718892050925	148.003082	2010
"P204xF090"	552.023234015348	179.435516	2010
"P204xF101"	486.958957010612	163.74881	2010
"P204xF103"	453.503037358049	141.511505	2010
"P204xF104"	559.053590998878	175.380981	2010
"P204xF117"	479.430199878699	136.925034	2010
"P204xF124"	513.766332918957	166.7845	2010
"P204xF134"	534.235410387598	172.151993	2010
"P204xF137"	506.350678164221	168.149475	2010
"P204xF138"	530.989361357792	177.895554	2010
"P209xF047"	591.384273575788	174.523727	2010
"P209xF055"	456.909616677614	131.788055	2010
"P209xF062"	468.276096342865	137.99028	2010
"P209xF087"	374.142700751791	127.551056	2010
"P209xF090"	570.644640289136	165.990753	2010
"P209xF101"	430.923177770345	140.771942	2010
"P209xF103"	502.27787435062	159.079163	2010
"P209xF117"	437.406660647802	118.279045	2010
"P209xF124"	477.637242135634	142.884903	2010
"P209xF134"	391.890870527247	129.30986	2010
"P209xF136"	570.24692003172	174.914352	2010
"P209xF137"	519.183232667031	150.857315	2010
"P209xF138"	501.098714021685	146.414551	2010
"P210xF047"	648.499625671629	175.618683	2010
"P210xF055"	519.37974349276	167.645096	2010
"P210xF062"	475.430217982243	128.963013	2010
"P210xF072"	576.590960858537	150.118271	2010
"P210xF090"	688.131312632706	198.651703	2010
"P210xF101"	553.187456279504	203.870102	2010
"P210xF103"	487.391897371287	156.33194	2010
"P210xF104"	552.732384390501	158.813095	2010
"P210xF117"	539.189577270226	150.165009	2010
"P210xF124"	492.881798966941	159.657272	2010
"P210xF136"	556.403062786386	158.115891	2010
"P210xF137"	493.053611841183	155.386078	2010
"P210xF138"	516.839734926455	154.584625	2010
"P211xF047"	625.658352132679	188.789551	2010
"P211xF055"	501.720605709166	165.123734	2010
"P211xF062"	557.174954624464	166.005783	2010
"P211xF072"	661.084886717513	162.065826	2010
"P211xF087"	456.678748576528	151.631302	2010
"P211xF090"	579.826182411361	159.008545	2010
"P211xF101"	541.545081605849	180.853073	2010
"P211xF103"	574.173632415729	189.582214	2010
"P211xF104"	578.245378781492	186.413879	2010
"P211xF117"	524.845819852475	156.4133	2010
"P211xF124"	569.760867994705	162.252396	2010
"P211xF134"	506.495885154004	161.942642	2010
"P211xF136"	567.555472768435	168.361374	2010
"P211xF137"	566.045084958106	186.758667	2010
"P211xF138"	553.242704590072	152.502167	2010
"P215xF047"	573.162491650751	161.039673	2010
"P215xF055"	504.636665651323	161.026566	2010
"P215xF062"	447.792593224673	143.115952	2010
"P215xF072"	530.445540415342	171.485809	2010
"P215xF087"	445.855206782801	140.353363	2010
"P215xF090"	401.311671640889	107.935562	2010
"P215xF101"	480.486999229954	165.574661	2010
"P215xF103"	474.319494399252	127.637611	2010
"P215xF104"	481.451800927877	158.101242	2010
"P215xF117"	504.639434806941	147.401382	2010
"P215xF124"	527.932276528538	175.820999	2010
"P215xF134"	382.439069422664	127.230492	2010
"P215xF136"	502.532581063194	157.586792	2010
"P215xF137"	547.360208955268	161.73645	2010
"P215xF138"	383.909610974066	109.550423	2010
"P223xF047"	751.668683231346	252.472809	2012
"P223xF099"	673.88282023905	202.759735	2012
"P223xF101"	612.829795288889	201.463821	2012
"P223xF104"	694.345381372091	204.740997	2012
"P223xF145"	580.952302002851	197.629028	2012
"P223xF151"	732.357897472618	206.402512	2012
"P223xF154"	582.837884518209	208.015411	2012
"P223xF157"	641.595359133981	195.799377	2012
"P223xF159"	723.763371660466	211.260361	2012
"P223xF160"	660.459045034188	169.462402	2012
"P223xF162"	656.636670767874	195.327667	2012
"P235xF047"	422.012513799341	134.749603	2012
"P235xF099"	426.988931038037	115.356766	2012
"P235xF101"	481.078647000195	165.839432	2012
"P235xF104"	604.981201615959	195.923752	2012
"P235xF145"	566.962653762345	202.360794	2012
"P235xF151"	541.944510489651	161.316437	2012
"P235xF154"	562.879685155744	184.504761	2012
"P235xF157"	541.853976388366	131.326355	2012
"P235xF159"	503.016281324206	144.110229	2012
"P235xF160"	585.95746912534	184.129318	2012
"P235xF161"	727.328660088872	219.59082	2012
"P235xF162"	590.331732710481	203.42009	2012
"P245xF047"	591.188849884854	215.726242	2012
"P245xF099"	583.086605889797	199.507309	2012
"P245xF101"	510.703951059091	169.336182	2012
"P245xF104"	555.342310104734	206.097809	2012
"P245xF145"	556.306806438214	205.49614	2012
"P245xF151"	481.877228498385	165.672852	2012
"P245xF154"	594.824434228874	199.848816	2012
"P245xF157"	443.876850584763	171.08699	2012
"P245xF160"	626.709822946137	209.776138	2012
"P245xF161"	554.29110661236	165.2276	2012
"P245xF162"	550.260748017336	191.292877	2012
"P261xF047"	755.150362855465	223.363495	2012
"P261xF099"	702.998899495461	203.399963	2012
"P261xF101"	595.549220595476	223.672211	2012
"P261xF104"	686.521395550726	207.784286	2012
"P261xF145"	541.015978261175	183.88649	2012
"P261xF151"	612.694389334996	186.873413	2012
"P261xF154"	673.369548120199	216.851868	2012
"P261xF157"	609.901626240517	189.863174	2012
"P261xF159"	675.034641239208	220.383911	2012
"P261xF160"	581.583290599921	194.132553	2012
"P261xF161"	550.715653188995	141.962997	2012
"P261xF162"	702.773408309255	208.549652	2012
"P271xF047"	603.027827075816	188.307587	2012
"P271xF099"	569.986407682078	194.198868	2012
"P271xF101"	513.976191561237	151.017014	2012
"P271xF104"	552.416869537391	190.374649	2012
"P271xF145"	461.424719129372	149.838623	2012
"P271xF151"	539.268807434492	183.606995	2012
"P271xF154"	482.905113902704	159.445526	2012
"P271xF157"	493.814679437096	152.438599	2012
"P271xF159"	443.600845711721	147.401215	2012
"P271xF160"	484.599821153116	157.932709	2012
"P271xF161"	701.354775869975	212.079422	2012
"P271xF162"	615.522111434833	201.847809	2012
"P272xF047"	661.212903090388	200.350052	2012
"P272xF099"	729.252900618797	220.357285	2012
"P272xF101"	533.127381162872	178.087433	2012
"P272xF104"	619.811087081442	174.102051	2012
"P272xF145"	616.922374134762	190.489868	2012
"P272xF151"	715.893662917245	225.682129	2012
"P272xF154"	688.175984132576	218.098816	2012
"P272xF157"	645.50868364042	192.116104	2012
"P272xF159"	693.596928532203	198.018478	2012
"P272xF161"	737.711054831374	216.71492	2012
"P272xF162"	738.69343456119	224.700272	2012
"P272xF169"	620.747802853119	197.207886	2012
"P284xF047"	778.11326755319	241.014755	2012
"P284xF099"	720.144690618227	216.753418	2012
"P284xF101"	613.48552428504	188.654709	2012
"P284xF104"	696.260326384132	213.146698	2012
"P284xF145"	644.382989714614	221.096588	2012
"P284xF151"	645.861731991877	190.850449	2012
"P284xF154"	594.3968004105	171.918488	2012
"P284xF157"	722.354062886866	209.567825	2012
"P284xF159"	707.996618966909	217.054855	2012
"P284xF160"	670.435579923924	177.777435	2012
"P284xF161"	796.349320805915	211.064072	2012
"P284xF162"	794.179231413052	224.259399	2012
"P284xF169"	673.533581455745	228.468231	2012
"P290xF047"	744.272654060162	241.696457	2012
"P290xF099"	795.104503821744	256.79776	2012
"P290xF101"	688.328860277421	218.039124	2012
"P290xF104"	729.913251054934	237.818726	2012
"P290xF145"	639.295646607462	236.326172	2012
"P290xF151"	704.662340395837	213.374557	2012
"P290xF154"	727.270126509906	246.817993	2012
"P290xF157"	679.503439539232	217.319	2012
"P290xF159"	725.517610225327	228.903748	2012
"P290xF161"	809.639323672776	224.341583	2012
"P290xF162"	663.213632118729	200.291458	2012
"P290xF169"	578.53980748761	200.760468	2012
"P291xF047"	727.787975224021	250.934433	2012
"P291xF099"	781.545112705118	225.226288	2012
"P291xF101"	634.745591987468	190.441208	2012
"P291xF104"	759.868013672363	230.720978	2012
"P291xF145"	625.604654189371	217.91835	2012
"P291xF151"	558.759145586123	159.965332	2012
"P291xF154"	768.873840757178	228.637253	2012
"P291xF157"	769.825320668147	240.827957	2012
"P291xF159"	765.641443556985	214.977966	2012
"P291xF161"	776.13608790165	210.584885	2012
"P291xF162"	686.351321831444	215.167267	2012
"P299xF047"	621.68178487696	188.665543	2012
"P299xF099"	652.4184868709	202.928757	2012
"P299xF101"	530.544296916112	169.623215	2012
"P299xF104"	647.49415548872	192.912338	2012
"P299xF145"	607.635116331403	216.121368	2012
"P299xF151"	637.687816274793	186.003113	2012
"P299xF154"	549.925018935301	188.821533	2012
"P299xF157"	635.841453870007	231.100174	2012
"P299xF159"	607.530356000572	177.147751	2012
"P299xF161"	682.219827301892	179.963898	2012
"P299xF162"	607.916435434282	172.618698	2012
"P299xF169"	610.360797855463	213.777924	2012
"P302xF099"	622.24008622294	173.207489	2012
"P302xF101"	473.893234525304	149.816238	2012
"P302xF104"	567.756396925988	194.245117	2012
"P302xF145"	473.740815608997	153.374023	2012
"P302xF151"	557.991001068598	183.407379	2012
"P302xF154"	407.353509323036	99.7096481	2012
"P302xF157"	621.07410109457	196.856293	2012
"P302xF159"	554.66112386022	167.585358	2012
"P302xF161"	603.439838208746	174.290604	2012
"P302xF162"	555.86996242186	167.368484	2012
"P312xF047"	757.010803688972	224.49527	2012
"P312xF099"	689.102329600696	206.849609	2012
"P312xF101"	664.018563708932	223.880066	2012
"P312xF104"	593.504907797646	181.956299	2012
"P312xF145"	567.414887197382	179.976379	2012
"P312xF151"	657.016202814983	189.94104	2012
"P312xF154"	631.141663209229	196.074249	2012
"P312xF157"	643.851497408057	175.914276	2012
"P312xF159"	681.003781913041	204.373718	2012
"P312xF161"	802.014190621256	240.795151	2012
"P312xF162"	747.317879507713	229.557617	2012
"P312xF169"	577.81935917603	190.192245	2012
"P330xF047"	652.856725806286	210.024719	2012
"P330xF099"	685.395720335579	212.372391	2012
"P330xF101"	650.393700034112	217.550644	2012
"P330xF104"	711.245014065901	215.922989	2012
"P330xF145"	630.184943036731	215.002869	2012
"P330xF151"	745.833449769611	228.516479	2012
"P330xF154"	641.130273689171	197.333862	2012
"P330xF157"	689.259604957156	230.13121	2012
"P330xF159"	687.279083683327	221.116257	2012
"P330xF161"	762.82923181654	238.172668	2012
"P330xF162"	736.135687666562	227.665527	2012
"P330xF169"	573.713037361088	193.470947	2012
